16441   1926   586   260   341   461
16441   1930   410   373   282   155   250   359   356   456   375   354
16441   1940   268   275   279   361   192   178   172    92   137   176
16441   1950   142    52   122   121   113   104    58   102   108   155
16441   1960   151   123   154   138   283   533   540   501   619   695
16441   1970   693   578   511   369   306   303   366   161   339   496
16441   1980   535   319   342   415   497   436   610   327   437   229
16441   1990   238   299   303   248   250   366   142   246   301   349
16441   2000   228   212    45   265   227   371   207   337   348   295
16441   2010   438   311   471   390   394   503   416   999
16442   1934   116   248   447   639   820   319
16442   1940   424   449   260   375   319   251   196   108   179   249
16442   1950   143    97   184   171   148   123    71   137   134   153
16442   1960    96   142   193   103   199   400   434   519   382   443
16442   1970   353   262   291   236   162   284   249   159   198   285
16442   1980   300   170   251   281   249   219   361   293   287   202
16442   1990   175   173   231   268   180   251   136   214   230   270
16442   2000   160   200    21   142   127   254   155   149   240   220
16442   2010   384   258   208   174   329   258   183   999
16443   1943   404   407   367   450   326   331   485
16443   1950   342   299   470   353   330   252   159   222   243   315
16443   1960   206   210   204   194   270   475   478   478   507   491
16443   1970   468   389   434   324   260   274   388   237   288   389
16443   1980   451   311   416   408   435   357   387   316   310   228
16443   1990   286   291   418   450   414   413   258   335   370   312
16443   2000   148   236    27   164   172   313   164   138   258   189
16443   2010   282   295   236   185   221   226   173   999
16444   1953   436   430   478   392   522   320   391
16444   1960   382   423   368   372   314   441   418   482   414   499
16444   1970   437   350   358   319   234   305   360   221   306   347
16444   1980   389   254   288   288   345   395   481   452   371   310
16444   1990   322   257   285   299   315   330   183   158   243   244
16444   2000   149   249    40   214   156   309   210   248   293   256
16444   2010   330   323   246   237   237   149    44   999
164445  1930   199    72   357   473   568   473   491   471   378   339
164445  1940   265   312   347   310   228   213   215   142   150   226
164445  1950   163    80   174   167   157   145    98   149   178   195
164445  1960   114   148   155   140   226   468   505   581   624   692
164445  1970   488   386   552   288   363   289   412   158   343   433
164445  1980   386   365   307   396   461   375   382   306   348   349
164445  1990   331   324   375   324   314   361   167   282   381   400
164445  2000   207   309    31   198   191   409   171   230   399   307
164445  2010   570   406   276   252   417   469   400   999
16445   1963   480   557   748   739   638   571   556
16445   1970   484   409   433   437   311   404   422   239   369   442
16445   1980   394   251   327   366   303   376   412   382   374   347
16445   1990   370   318   293   365   332   389   215   302   322   297
16445   2000   176   299    43   197   169   340   195   231   323   197
16445   2010   221   255   176   149   245   244   197   999
16446   1973   207   100   200   490   284   920   597
16446   1980   455   360   426   501   350   402   502   543   509   346
16446   1990   373   402   444   496   483   598   266   357   446   334
16446   2000   203   361    56   240   247   405   225   268   419   266
16446   2010   360   393   285   301   425   329   338   999
16447   1983   592   557   550   696   547   483   471
16447   1990   535   431   535   560   486   481   254   371   494   311
16447   2000   179   378    70   289   272   403   214   229   354   308
16447   2010   419   379   221   260   334   288   274   999
16448   1990   738   438   546   423   477   620   324   481   441   374
16448   2000   273   575    77   304   353   455   224   232   310   293
16448   2010   442   367   305   259   297   287   331   999
16449   1997   647   281   333
16449   2000   463    37   572   575   357   593   347   366   395   284
16449   2010   508   479   444   427   359   392   352   999
18671   1936   178   316   424   322
18671   1940   337   364   313   421   305   324   298   236   202   310
18671   1950   237   169   215   210   185   155    84   136   107   144
18671   1960    99   100   107   149   186   315   345   419   453   443
18671   1970   471   373   417   291   295   348   323   229   212   319
18671   1980   299   334   316   312   436   429   665   442   426   404
18671   1990   476   399   413   244   209   245   151   228   272   227
18671   2000   244   316   132   260   215   181   176   233   250   274
18671   2010   374   338   262   373   430   353   322   999
18672   1943   337   301   425   357   229   202   340
18672   1950   265   210   292   219   268   245   122   160   136   136
18672   1960   106    87    84    58   100   302   387   420   380   377
18672   1970   362   288   306   276   206   339   331   215   256   296
18672   1980   295   275   291   246   263   329   497   469   408   363
18672   1990   356   334   401   287   214   316   163   229   264   196
18672   2000   212   305   108   267   258   237   240   285   323   241
18672   2010   341   299   226   334   343   260   240   999
18673   1952   303   331   341   330   220   296   263   293
18673   1960   205   174   162   121   239   510   388   456   408   419
18673   1970   470   359   398   352   310   406   449   318   356   439
18673   1980   456   370   320   337   415   415   487   493   485   436
18673   1990   431   363   411   310   288   351   217   244   300   248
18673   2000   252   339   138   331   325   349   343   455   430   350
18673   2010   411   333   191   332   346   240   236   999
18674   1959   185
18674   1960   334   268   217   190   215   347   298   299   261   271
18674   1970   318   265   327   319   247   393   409   284   320   423
18674   1980   358   326   363   373   381   355   415   365   396   417
18674   1990   420   384   445   326   328   370   211   334   352   268
18674   2000   258   387   118   380   402   327   297   383   382   304
18674   2010   352   349   307   383   411   263   242   999
186745  1940   326   348   350   441   272   323   274   189   181   302
186745  1950   261   206   301   226   234   188    86   119    95   147
186745  1960   113    92   110    87   173   383   291   384   356   323
186745  1970   376   302   293   265   229   280   322   249   248   298
186745  1980   320   280   346   277   346   328   550   463   477   333
186745  1990   307   231   282   202   188   236   121   173   234   218
186745  2000   212   316   118   290   297   407   403   499   602   457
186745  2010   542   400   285   342   347   208   192   999
18675   1971   192   214   276   225   321   297   239   277   356
18675   1980   347   386   355   320   399   417   417   414   438   417
18675   1990   405   340   402   331   366   335   234   310   337   288
18675   2000   333   478   139   367   353   319   297   374   437   370
18675   2010   458   424   275   354   342   298   289   999
18676   1983   340   430   341   376   365   320   305
18676   1990   299   255   398   279   303   326   244   383   393   326
18676   2000   340   565   167   484   424   331   268   313   364   276
18676   2010   307   284   261   382   327   239   273   999
18677   2001   292   455   362   217   263   230   260   348   303
18677   2010   347   294   217   378   319   247   310   999
18678   2001   225    91   238   257   320   303   266   227   231
18678   2010   264   228   165   228   211   273   242   999
7981    1922   150   188   148   186   207   384   341   212
7981    1930   211   217   191   162   150   131    63    71    65   161
7981    1940   119    74   138   145   123   117    93    82    67    81
7981    1950    86    41    94   104   140   116    86   106   110    91
7981    1960   143    65    92   107   138   473   539   638   552   739
7981    1970   726   589   473   346   394   560   455   351   393   438
7981    1980   442   415   449   426   383   423   581   500   556   386
7981    1990   455   337   373   288   331   445   297   380   354   398
7981    2000   336   394    90   260   247   263   251   334   338   343
7981    2010   393   401   256   274   336   277   232   999
7982    1953   273   214   341   229   259   315   294
7982    1960   193   228   217   231   281   452   399   409   355   435
7982    1970   433   353   340   333   350   432   372   255   333   419
7982    1980   378   343   374   291   311   392   543   511   461   362
7982    1990   395   358   307   351   354   400   287   373   247   294
7982    2000   278   295    93   252   210   231   196   191   231   241
7982    2010   247   287   200   222   265   193   189   999
7983    1967   351   397   438
7983    1970   446   325   330   367   274   330   315   283   334   470
7983    1980   363   263   283   366   330   437   497   477   428   424
7983    1990   417   418   399   403   403   421   284   372   286   333
7983    2000   343   382   129   309   254   247   215   230   272   254
7983    2010   399   337   249   266   278   204   216   999
7984    1976   369   371   468   436
7984    1980   326   335   322   337   374   376   440   350   426   475
7984    1990   434   380   410   446   443   480   327   436   301   304
7984    2000   358   393   151   304   275   271   270   288   349   382
7984    2010   508   511   345   397   345   269   331   999
79845   1933   203   281   287   292   181   178   115
79845   1940   128   159   179   195   139   190   157   131   144   147
79845   1950    97    70   162   159   218   173   107   133   182   118
79845   1960   124   121   143   130   213   569   646   662   372   461
79845   1970   474   430   360   284   221   317   230   210   285   306
79845   1980   361   313   292   307   377   321   589   387   437   386
79845   1990   351   404   378   362   349   376   298   459   303   388
79845   2000   328   318   115   274   230   295   240   265   335   273
79845   2010   335   282   207   247   319   233   204   999
7985    1988   660  1071
7985    1990   294   230   206   314   350   395   163   273   225   313
7985    2000   374   494    95   325   271   257   246   280   357   332
7985    2010   426   412   305   382   381   305   390   999
7986    2000   438   504    86   378   444   483   443   409   438   366
7986    2010   514   411   361   422   340   305   432   999
7987    1995   692   439   377   325   320
7987    2000   342   345   392   131   246   318   343   297   274   291
7987    2010   295   349   297   241   222   205   261   999
7988    2002   156   122   356   375   353   335   255   239
7988    2010   262   349   288   270   259   161   293   999
