1       1922   231   220   172   218   208   145   163   219
1       1930   231   256   258   197   224   222   219   225   128   194
1       1940   215   204   153   190   174   208   155    96   157    91
1       1950    81   144   131    58   108   100   145   110    51    89
1       1960    91   128   111    83   111    59   113   251   364   450
1       1970   449   581   578   332   377   845   643   589   292   461
1       1980   474   440   282   376   331   385   382   391   296   216
1       1990   207   202    84   159   245   341   391   136   243   185
1       2000   220   113   195   141   141   306   299   345   376   349
1       2010   422   480   201   148   241   175   245   999
2       1935   419   288   273   239   330
2       1940   278   210   175   279   185   204   174   109   152    82
2       1950    60    85   110    38   112    80   112   100    31    69
2       1960    59    69    79    63    92    81   237   292   311   296
2       1970   289   345   212   239   235   223   303   238   172   235
2       1980   283   186   187   218   303   278   281   341   263   202
2       1990   179   149   174   197   209   218   276   139   170   152
2       2000   124    71   103   113   109   145   111   132   241   229
2       2010   252   241   167   130   199   153   164   999
3       1944   249   208   180   217   181   178
3       1950   271   191   146   248   166   239   223   102   147   169
3       1960   171   169   128   171    81   225   441   453   458   390
3       1970   395   346   252   282   312   301   366   338   227   292
3       1980   357   315   244   291   315   318   327   334   288   293
3       1990   240   229   277   262   315   299   370   214   216   153
3       2000   172   103   149   140   137   157   155   175   258   253
3       2010   273   300   185   192   191   129   182   999
4       1960   232   221   201   203   212   305   426   359   349   422
4       1970   411   381   269   335   369   346   425   383   278   332
4       1980   415   332   227   297   298   360   371   397   372   391
4       1990   243   264   311   296   314   326   411   236   269   189
4       2000   198   124   190   151   149   196   194   245   314   288
4       2010   334   366   200   245   222   179   190   999
45      1923   116   102    73    84    70   285   130
45      1930   233   442   217   235   273   220   282   254   129   220
45      1940   221   206   147   191   178   170   118   117   130    87
45      1950    64   119   128    91   106   128   105    36    70    74
45      1960    95   112    69   106    30    82   258   327   329   377
45      1970   388   346   229   276   240   267   345   319   179   278
45      1980   365   248   179   211   223   251   265   307   199   245
45      1990   131   147   199   218   240   259   306   244   181   158
45      2000   166    85   132   114   113   155   131   172   255   203
45      2010   297   301   179   168   246   172   141   999
5       1972   196   142   473   383   422   377   331   428
5       1980   471   431   354   441   386   356   361   356   360   372
5       1990   293   312   256   342   332   331   360   283   273   217
5       2000   253   145   212   191   227   261   206   248   329   350
5       2010   392   444   269   238   235   204   230   999
6       1980   445   286   290   311   346   397   381   377   305   273
6       1990   248   382   368   333   398   239   329   273   300   175
6       2000   271    52   207   226   261   202   256   296   308   344
6       2010   378   243   261   278   207   237   119   999
7       1992   542   490   445   402   252   289   235   286
7       2000   202   325    68   207   222   230   188   239   333   319
7       2010   354   329   230   291   270   257   278   999
8       2000   143   246   122   255   341   497   583   607   566   426
8       2010   537   508   409   485   417   423   378   999
