1       1936   178   316   424   322
1       1940   337   364   313   421   305   324   298   236   202   310
1       1950   237   169   215   210   185   155    84   136   107   144
1       1960    99   100   107   149   186   315   345   419   453   443
1       1970   471   373   417   291   295   348   323   229   212   319
1       1980   299   334   316   312   436   429   665   442   426   404
1       1990   476   399   413   244   209   245   151   228   272   227
1       2000   244   316   132   260   215   181   176   233   250   274
1       2010   374   338   262   373   430   353   322   999
2       1943   337   301   425   357   229   202   340
2       1950   265   210   292   219   268   245   122   160   136   136
2       1960   106    87    84    58   100   302   387   420   380   377
2       1970   362   288   306   276   206   339   331   215   256   296
2       1980   295   275   291   246   263   329   497   469   408   363
2       1990   356   334   401   287   214   316   163   229   264   196
2       2000   212   305   108   267   258   237   240   285   323   241
2       2010   341   299   226   334   343   260   240   999
3       1952   303   331   341   330   220   296   263   293
3       1960   205   174   162   121   239   510   388   456   408   419
3       1970   470   359   398   352   310   406   449   318   356   439
3       1980   456   370   320   337   415   415   487   493   485   436
3       1990   431   363   411   310   288   351   217   244   300   248
3       2000   252   339   138   331   325   349   343   455   430   350
3       2010   411   333   191   332   346   240   236   999
4       1959   185
4       1960   334   268   217   190   215   347   298   299   261   271
4       1970   318   265   327   319   247   393   409   284   320   423
4       1980   358   326   363   373   381   355   415   365   396   417
4       1990   420   384   445   326   328   370   211   334   352   268
4       2000   258   387   118   380   402   327   297   383   382   304
4       2010   352   349   307   383   411   263   242   999
45      1940   326   348   350   441   272   323   274   189   181   302
45      1950   261   206   301   226   234   188    86   119    95   147
45      1960   113    92   110    87   173   383   291   384   356   323
45      1970   376   302   293   265   229   280   322   249   248   298
45      1980   320   280   346   277   346   328   550   463   477   333
45      1990   307   231   282   202   188   236   121   173   234   218
45      2000   212   316   118   290   297   407   403   499   602   457
45      2010   542   400   285   342   347   208   192   999
5       1971   192   214   276   225   321   297   239   277   356
5       1980   347   386   355   320   399   417   417   414   438   417
5       1990   405   340   402   331   366   335   234   310   337   288
5       2000   333   478   139   367   353   319   297   374   437   370
5       2010   458   424   275   354   342   298   289   999
6       1983   340   430   341   376   365   320   305
6       1990   299   255   398   279   303   326   244   383   393   326
6       2000   340   565   167   484   424   331   268   313   364   276
6       2010   307   284   261   382   327   239   273   999
7       2001   292   455   362   217   263   230   260   348   303
7       2010   347   294   217   378   319   247   310   999
8       2001   225    91   238   257   320   303   266   227   231
8       2010   264   228   165   228   211   273   242   999
