1       1922   493   505   419   438   168   284   315   329
1       1930   376   431   397   423   377   345   314   220   150   187
1       1940   148   165   155   128   145   192   147   110   110    72
1       1950    71    35    98   168   131   109   139   115   103    76
1       1960    33    63    51    60    51    55    55    45    37    85
1       1970   131   221   218   127    85   100   105   104    74   106
1       1980    99    41    81    52    85    46    66   104    71    80
1       1990    97    64    87    35    71    74    93    65    60    61
1       2000    38    62    53    48    50    66    25    48    56    44
1       2010    44    52    39    41    28    17    16   999
2       1935   526   530   474   422   277
2       1940   219   270   236   248   191   185   190   228   181   154
2       1950   104   105    90    36    40   122    90    37    85    74
2       1960    74    85    55    73    70    75    57    74    57   111
2       1970   134   151   177   113    92    67    75    67    44    48
2       1980    47    32    34    31    44    45    29    32    78    66
2       1990    71    95    66    63    42    52    82    32    59    46
2       2000    83    54    43    37    36    49    29    41    62    61
2       2010    76    53    40    19    23    54    17   999
3       2009    55
3       2010    52    74    48    31    29    35    10   999
4       1957   322   319   284
4       1960   492   439   386   328   167   183   191   191   151   120
4       1970   122   110   154   285   246   211   177   133    96    78
4       1980    72    58    50    51    20    46    44    46    37    53
4       1990    67    47    52   111   103   116    61    64    59    69
4       2000    24    35    90    49    54    46    63    34    35    53
4       2010    36    36    37    41    58    39    29   999
45      1934   235   381   379   353   531   448
45      1940   441   441   474   431   251   242   300   219   272   222
45      1950   168   165   189   154    93    69    67    67    53   116
45      1960    82    42    98    79    69    66    35    51    61    46
45      1970    57    32    61    47    22   147   161   142   136    85
45      1980    49    31    55    46    60    38    35    27    28    41
45      1990    44    34    38    62    35    63    56    49    42    34
45      2000    44    13    48    37    18    60    28    28    42    37
45      2010    37    40    37    51    41    26    34   999
5       1965   238   265   323   214   273
5       1970   182   224   169   131   108    74    69    81    31    64
5       1980    64    23    45    47    68    38    46    58    40    65
5       1990    83    95   110    73    77    68   110    81   103   131
5       2000    73    85    77    87    50    91    38    62    69    55
5       2010    49    59    56    63    68    39    24   999
6       1981   107    65    99   154   126   109   125   144   114
6       1990   188   248   247   262   133   150   128   213   196   187
6       2000   166    98   100   133   135    79   133    92    79   128
6       2010    94    73    72    65    65    72    51   999
