1       1926   586   260   341   461
1       1930   410   373   282   155   250   359   356   456   375   354
1       1940   268   275   279   361   192   178   172    92   137   176
1       1950   142    52   122   121   113   104    58   102   108   155
1       1960   151   123   154   138   283   533   540   501   619   695
1       1970   693   578   511   369   306   303   366   161   339   496
1       1980   535   319   342   415   497   436   610   327   437   229
1       1990   238   299   303   248   250   366   142   246   301   349
1       2000   228   212    45   265   227   371   207   337   348   295
1       2010   438   311   471   390   394   503   416   999
2       1935   116   248   447   639   820
2       1940   319   424   449   260   375   319   251   196   108   179
2       1950   249   143    97   184   171   148   123    71   137   134
2       1960   153    96   142   193   103   199   400   434   519   382
2       1970   443   353   262   291   236   162   284   249   159   198
2       1980   285   300   170   251   281   249   219   361   293   287
2       1990   202   175   173   231   268   180   251   136   214   230
2       2000   270   160   200   164   127   254   155   149   240   220
2       2010   384   258   208   174   329   258   183   999
3       1944   404   407   367   450   326   331
3       1950   485   342   299   470   353   330   252   159   222   243
3       1960   315   206   210   204   194   270   475   478   478   507
3       1970   491   468   389   434   324   260   274   388   237   288
3       1980   389   451   311   416   408   435   357   387   316   310
3       1990   228   286   291   418   450   414   413   258   335   370
3       2000   312   148   236   192   172   313   164   138   258   189
3       2010   282   295   236   185   221   226   173   999
4       1954   436   430   478   392   522   320
4       1960   391   382   423   368   372   314   441   418   482   414
4       1970   499   437   350   358   319   234   305   360   221   306
4       1980   347   389   254   288   288   345   395   481   452   371
4       1990   310   322   257   285   299   315   330   183   158   243
4       2000   244   149   249   255   156   309   210   248   293   256
4       2010   330   323   246   237   237   149    44   999
45      1931   199    72   357   473   568   473   491   471   378
45      1940   339   265   312   347   310   228   213   215   142   150
45      1950   226   163    80   174   167   157   145    98   149   178
45      1960   195   114   148   155   140   226   468   505   581   624
45      1970   692   488   386   552   288   363   289   412   158   343
45      1980   433   386   365   307   396   461   375   382   306   348
45      1990   349   331   324   375   324   314   361   167   282   381
45      2000   400   207   309   230   191   409   171   230   399   307
45      2010   570   406   276   252   417   469   400   999
5       1963   480   557   748   739   638   571   556
5       1970   484   409   433   437   311   404   422   239   369   442
5       1980   394   251   327   366   303   376   412   382   374   347
5       1990   370   318   293   365   332   389   215   302   322   297
5       2000   176   299    43   197   169   340   195   231   323   197
5       2010   221   255   176   149   245   244   197   999
6       1973   207   100   200   490   284   920   597
6       1980   455   360   426   501   350   402   502   543   509   346
6       1990   373   402   444   496   483   598   266   357   446   334
6       2000   203   361    56   240   247   405   225   268   419   266
6       2010   360   393   285   301   425   329   338   999
7       1983   592   557   550   696   547   483   471
7       1990   535   431   535   560   486   481   254   371   494   311
7       2000   179   378    70   289   272   403   214   229   354   308
7       2010   419   379   221   260   334   288   274   999
8       1990   738   438   546   423   477   620   324   481   441   374
8       2000   273   575    77   304   353   455   224   232   310   293
8       2010   442   367   305   259   297   287   331   999
9       1998   647   281
9       2000   333   463   610   575   357   593   347   366   395   284
9       2010   508   479   444   427   359   392   352   999
