1       1925   377   429   406   427   450
1       1930   501   545   582   456   445   283   225   217   131   161
1       1940   129   163   130   188   152   160   118   125   124    73
1       1950    51   123   153   127   190   176   207   214    77   154
1       1960   115   175   140   105   129   122   179   287   305   392
1       1970   340   392   318   257   242   245   185   286   251   130
1       1980   212   206   253   162   186   235   240   275   321   236
1       1990   219   157   166   161   231   177   164   222    91   129
1       2000   164   177    86   110    41    44    83    51    81    83
1       2010    87   155   101    71    38    58    74   999
2       1934   558   739   382   338   274   403
2       1940   393   238   234   323   278   315   213   235   206   178
2       1950   115   233   270   135   225   185   244   202    88   177
2       1960   158   177   131   112   121    71   116   271   298   330
2       1970   289   264   226   193   224   152   109   194   146    88
2       1980   131   139   147   107   125   145   129   152   200   187
2       1990   193   151   191   138   162   116   150   178    87   119
2       2000   138   127    96   128    39    58   100    54    54    69
2       2010    66   130    89    57    48    61    71   999
3       1942   583   283   435   450   266   226   199   123
3       1950   104   286   222   212   227   264   345   332   195   265
3       1960   209   283   208   148   177    72   128   293   325   365
3       1970   269   234   235   146   252   208   117   230   175    87
3       1980   138   158   156   135   157   197   113   154   221   216
3       1990   215   134   205   117   146   151   145   172    78    95
3       2000   123   138    87   106    45    40    99    39    59    72
3       2010    60    86    87    55    37    61    62   999
4       1951   471   425   318   352   355   409   416   213   266
4       1960   246   322   236   169   205   108   240   402   354   372
4       1970   357   340   302   193   246   211   143   214   199    83
4       1980   129   163   160   142   173   166   143   155   233   244
4       1990   223   157   189   119   119   124   148   167    82    99
4       2000   120   134    79   109    52    53   102    40    64    70
4       2010    66    95    82    53    49    66    83   999
45      1928   347   228
45      1930   197   509   519   455   364   327   284   320   215   226
45      1940   229   215   218   288   183   227   188   243   190   150
45      1950    80   156   144    94   143   179   191   159    64   127
45      1960   122   193   140   101   133    71    54   156   195   273
45      1970   291   217   220   160   253   154   126   178   195    81
45      1980   126   173   166   146   166   174   198   188   249   216
45      1990   215   138   186   115   169   144   149   183    70   133
45      2000   127   177   106   117    46    55    99    40    56    73
45      2010    65   121    88    46    50    85    90   999
5       1959   306
5       1960   373   358   294   257   256   231   353   414   385   390
5       1970   321   422   302   251   322   275   186   252   224   125
5       1980   186   209   211   150   151   165   130   158   210   225
5       1990   200   123   150    90   110   115   144   172    84   111
5       2000   129   132    75   108    42    34    71    21    43    54
5       2010    49    96    78    36    39    45    57   999
6       1966   348   116   468   354
6       1970   297   437   402   285   313   302   288   371   267   153
6       1980   219   264   282   208   206   213   176   218   260   256
6       1990   245   162   189   106   121   154   167   188    80   123
6       2000   160   185   126   151    83    51   103    56    73    76
6       2010    74   141   122    81    69    80    95   999
7       1976   469   313   316   332
7       1980   210   279   250   165   123   150   197   155   263   342
7       1990   332   263   198   183   173   157   172   203    78   161
7       2000   205   205   164   200    93    78   145    77    91   108
7       2010   107   201   192   142   122   109   118   999
8       1987   175   112   197
8       1990   124    92    55    70   193   202   294   285   119   167
8       2000   244   253   168   209   101   157   109   138   197   254
8       2010   334   294   206   180   208   212   132   999
