1       1933   113   217   377   340   382   409   394
1       1940   370   388   375   487   297   325   349   252   229   288
1       1950   150   149   223   269   194   213   119   159   147   195
1       1960   171   167   168   109   110   270   254   255   272   199
1       1970   190   288   261   224   185   195   217   120   143   236
1       1980   256   176   171   106   149   142   273   159   212   157
1       1990   139   114   177   154   114   147   104   125   113   119
1       2000    77    84     9    59    44    83    42    70   126   106
1       2010   153   143   126   148   179   156   162   999
2       1949   420
2       1950   390   383   539   421   457   456   282   370   326   376
2       1960   292   246   267   249   258   396   293   306   265   327
2       1970   297   316   291   284   179   239   224   155   160   219
2       1980   227   228   168   148   190   227   225   178   191   168
2       1990   166   127   184   139   138   151   120   112   109   106
2       2000    62    97     7    55    56    90    51    98   163   124
2       2010   181   165   106   127   122   144   130   999
3       1956    81   221   425   368
3       1960   290   243   226   177   274   359   289   324   310   302
3       1970   343   353   327   356   281   314   255   165   218   343
3       1980   296   252   292   191   250   275   357   273   282   212
3       1990   238   200   179   172   172   207   124   127   137   146
3       2000    95   134    13    80    81   116   104   131   153   139
3       2010   166   149   138   153   131   155   151   999
4       1971   183   207   289   250   309   282   218   262   310
4       1980   274   256   222   164   258   329   322   329   308   279
4       1990   285   178   251   254   225   310   185   247   187   202
4       2000   107   190    43   144   155   171   129   192   242   183
4       2010   240   209   199   223   222   245   236   999
45      1938   445   403
45      1940   391   449   446   449   348   423   367   296   287   343
45      1950   252   200   321   264   211   210   128   171   162   182
45      1960   192   144   176    95   147   247   246   285   261   218
45      1970   275   280   247   227   155   242   197   131   140   186
45      1980   189   161   173   135   158   173   237   243   181   164
45      1990   161   124   186   128   133   164   115   130   122   129
45      2000    66   112     5    50    54    93    45    63   107    91
45      2010   137   136   101   109   137   140   118   999
5       1984   392   422   362   376   409   350
5       1990   191   102   254   318   221   297   151   200   174   212
5       2000   142   225    37   168   163   231   163   179   212   184
5       2010   331   292   245   276   239   275   999
6       1999   245
6       2000   210   334    87   286   278   385   187   211   266   230
6       2010   464   423   369   359   330   316   337   999
