1       1924   822   539   461   364   261   190
1       1930   179   188   163   232   226   218   241   161   156   165
1       1940   125   174   182   127   121   194    99   149   130    81
1       1950    91    49    41    80    65    99    41    78   118    51
1       1960    58    69    59    43    73    29    34   157   198   234
1       1970   215   251   218   215   180   201   141   221   185   125
1       1980   167   197   204   186   216   212   149   155   201   169
1       1990   226   133   187   175   180   185   156   212    92   181
1       2000   161   173    68    58    67    83    90    46    85   100
1       2010    83   104    91    92    67   104   114   999
2       1953   166   276   420   424   273   260   272
2       1960   309   455   377   230   192   296   176   203   159   113
2       1970    90    40    53   120   120    54   135    94   140   102
2       1980    33    61    78    58    43     6    44    38    81   259
2       1990   304   248   233   209   236   172   202   216   162   195
2       2000   198    80   122   134   137   106   157   124   115   128
2       2010   149   143   199   127   160   128   142   999
3       1940   209   166   315   471   480   327   247   256   130   140
3       1950   383   293   159   330   211   257   215    85   114   119
3       1960    96    71    45    94   119   212   537   453   376   366
3       1970   316   300   249   272   295   199   226   184    92   158
3       1980   172   174   117   202   193   142   163   227   187   210
3       1990   128   189   183   175   164   129   188    71   142   161
3       2000   163    65    80    50    58   100    50    61   102    84
3       2010   103   113    77    50    80    86    55   999
4       1954   228   206   390   174   214   232
4       1960   204   118   102   142   169   365   425   353   318   295
4       1970   259   270   200   213   248   162   232   245   107   165
4       1980   211   219   125   217   184   112   146   183   190   208
4       1990   130   212   204   157   152   119   177    66   126   160
4       2000   154    56   108    61    75   106    70    90   132   113
4       2010   137   173    96    87    93    92    52   999
45      1936   115   290   297   209
45      1940   265   225   236   146   119   155   123   195   161   131
45      1950   112   167   114   145   145    77    79    43    23   113
45      1960   103    76    62   104    74    22    34    44    66    49
45      1970    22    49    35    49   190   243   276   257   219   242
45      1980   174   212   220   135   227   212   117   170   179   168
45      1990   149   208   182   113   148   165   164   165   122   180
45      2000   176   171   145   119   147    83   148   162   163    65
45      2010   110    50    67    78    46    62   100   999
5       1968   222   293
5       1970   366   387   183   215   274   158   307   261   143   215
5       1980   328   351   217   318   262   156   228   255   288   273
5       1990   183   249   203   209   190   152   235    74   154   212
5       2000   201    80   153   102   113   169   121   124   182   182
5       2010   179   198   124   102   112    91    71   999
6       1986   386   479   356   329
6       1990   256   336   210   174   177   274   164   193   234   154
6       2000   158   161    57   124    71   102   218   136   161   210
6       2010   153   175   195    98   103   100    92   999
