1       1922   150   188   148   186   207   384   341   212
1       1930   211   217   191   162   150   131    63    71    65   161
1       1940   119    74   138   145   123   117    93    82    67    81
1       1950    86    41    94   104   140   116    86   106   110    91
1       1960   143    65    92   107   138   473   539   638   552   739
1       1970   726   589   473   346   394   560   455   351   393   438
1       1980   442   415   449   426   383   423   581   500   556   386
1       1990   455   337   373   288   331   445   297   380   354   398
1       2000   336   394    90   260   247   263   251   334   338   343
1       2010   393   401   256   274   336   277   232   999
2       1953   273   214   341   229   259   315   294
2       1960   193   228   217   231   281   452   399   409   355   435
2       1970   433   353   340   333   350   432   372   255   333   419
2       1980   378   343   374   291   311   392   543   511   461   362
2       1990   395   358   307   351   354   400   287   373   247   294
2       2000   278   295    93   252   210   231   196   191   231   241
2       2010   247   287   200   222   265   193   189   999
3       1967   351   397   438
3       1970   446   325   330   367   274   330   315   283   334   470
3       1980   363   263   283   366   330   437   497   477   428   424
3       1990   417   418   399   403   403   421   284   372   286   333
3       2000   343   382   129   309   254   247   215   230   272   254
3       2010   399   337   249   266   278   204   216   999
4       1976   369   371   468   436
4       1980   326   335   322   337   374   376   440   350   426   475
4       1990   434   380   410   446   443   480   327   436   301   304
4       2000   358   393   151   304   275   271   270   288   349   382
4       2010   508   511   345   397   345   269   331   999
45      1933   203   281   287   292   181   178   115
45      1940   128   159   179   195   139   190   157   131   144   147
45      1950    97    70   162   159   218   173   107   133   182   118
45      1960   124   121   143   130   213   569   646   662   372   461
45      1970   474   430   360   284   221   317   230   210   285   306
45      1980   361   313   292   307   377   321   589   387   437   386
45      1990   351   404   378   362   349   376   298   459   303   388
45      2000   328   318   115   274   230   295   240   265   335   273
45      2010   335   282   207   247   319   233   204   999
5       1988   660  1071
5       1990   294   230   206   314   350   395   163   273   225   313
5       2000   374   494    95   325   271   257   246   280   357   332
5       2010   426   412   305   382   381   305   390   999
6       2000   438   504    86   378   444   483   443   409   438   366
6       2010   514   411   361   422   340   305   432   999
7       1995   692   439   377   325   320
7       2000   342   345   392   131   246   318   343   297   274   291
7       2010   295   349   297   241   222   205   261   999
8       2002   156   122   356   375   353   335   255   239
8       2010   262   349   288   270   259   161   293   999
